N=48
M=20
l=7
Ii=0 1 1 3 3 5 5
dt=60
tau=180 60 60 60 60 60 60
L_in=0 0 0 0 0 0 0
P_in=0 0 0, 0, 0, 0, 0, 0, 0
H_in=0 0 0 0 0 0 0
tp_size=16
tpi_size=14
tp=16 17 18 19 20 21 22 23 24 40 41 42 43 44 45 46 47 48 
tpi=17 18 19 20 21 22 23 24 41 42 43 44 45 46 47 48 
c=300 50 130 70 130 130 50
gamma=0.20 0 0.4 0.1 0.3 0 0.05
rho=0.4 0.4 0.4 0.4 0.4 0.4 0.4
psi=45 45 60 60 75 90 90 45 30 45 45 60 75 75 60 45 30 45 60 75 75 60 45 45 30 60 75 75 75 60 60 60 30 60 60 90 75 75 75 60 20 20 90 75 75 75 60 30 20
eps_min=10^-8