N=72
M=40
l=7
Ii=0 1 1 3 3 5 5
dt=60 
tau=120 60 60 60 60 60 120
R_in=0 0 0 0 0 0 0
V_in=0 0, 0, 0, 0, 0, 0,0 0
H_in=0 0 0 0 0 0 0
tp_size=27
tpi_size=24
tp=16 17 18 19 20 21 22 23 24 40 41 42 43 44 45 46 47 48 64 65 66 67 68 69 70 71 72
tpi=17 18 19 20 21 22 23 24 41 42 43 44 45 46 47 48 65 66 67 68 69 70 71 72
c=224 98 116 106 116 109 49
gamma=0.08 0.09 0.09 0.2 0.09 0.2 0.15
rho=0.7 0.6 0.9 0.9 0.9 0.9 0.4
psi=15 47 47 50 50 59 59 47 15 15 29 29	38 38 47 15 15 29 29 38 38 50 29 29 15 15 30 30 50 29 29 15 15 30 30 59 38 38 30 30 15 15 59 38 38 30 30 15 15 15
eps_min=10^-8
w=1 1000 10 1
